%YAML:1.0
---
my_detector: !!opencv-object-detector-hog
   winSize: [ 88, 96 ]
   blockSize: [ 16, 16 ]
   blockStride: [ 8, 8 ]
   cellSize: [ 8, 8 ]
   nbins: 9
   derivAperture: 1
   winSigma: 4.
   histogramNormType: 0
   L2HysThreshold: 2.0000000000000001e-01
   gammaCorrection: 1
   nlevels: 64
   signedGradient: 0
   SVMDetector: [ 3.52097638e-02, 1.25750322e-02, -1.87753551e-02,
       -6.78360164e-02, -2.62620356e-02, -3.93467918e-02,
       -4.09228913e-02, -2.57958062e-02, 2.15194244e-02, 1.24670528e-02,
       -1.73271708e-02, -1.99671835e-02, -6.27453402e-02,
       -3.60341258e-02, -4.68748175e-02, -1.96267292e-02,
       -1.88101958e-02, -9.56688542e-03, 1.97309200e-02, 1.91113967e-02,
       1.67210735e-02, -6.55066269e-03, -3.47736455e-03, -2.97849495e-02,
       -2.20017955e-02, -3.04033142e-03, -2.01260834e-03,
       -1.20089445e-02, 5.85442828e-03, 2.35434175e-02, 7.44146714e-03,
       3.19165513e-02, -1.60530135e-02, 1.34931542e-02, 3.35853710e-03,
       -2.12262850e-02, 3.53955217e-02, -7.69994280e-04, -1.10191628e-02,
       -2.87763327e-02, 6.37077400e-03, -3.97300981e-02, -3.53244282e-02,
       -6.00088295e-03, -5.95450960e-03, 4.13345918e-02, 2.09164564e-02,
       -1.89559627e-02, -2.24534348e-02, 6.45561982e-03, -4.28933650e-02,
       -2.59685609e-02, -4.69780061e-03, -3.18439007e-02,
       -1.78875048e-02, 3.67275206e-03, -5.66799194e-04, -2.78682951e-02,
       1.17096677e-02, -1.79014038e-02, 9.06452333e-05, 1.91749521e-02,
       -3.02458629e-02, 2.61343620e-03, 1.92913227e-02, 1.13388114e-02,
       -1.55029697e-02, 5.94619401e-02, 2.85302550e-02, 4.16003168e-02,
       4.31637503e-02, -1.32197635e-02, 4.55336496e-02, -3.24590481e-03,
       -1.75757091e-02, -2.13830080e-02, 1.92881338e-02, -4.66528647e-02,
       -1.96383074e-02, -9.89627186e-03, 3.71003076e-02, 1.49001824e-02,
       1.09983562e-03, -1.30191548e-02, -2.75645535e-02, 3.50793973e-02,
       -2.33424492e-02, 8.19754496e-04, -8.49645305e-03, 1.15761773e-04,
       3.56155820e-02, 6.74974220e-03, 7.79839326e-03, -7.34229200e-03,
       2.84849685e-02, 5.06380340e-03, 1.25756138e-03, 2.29395255e-02,
       -1.46012791e-02, -1.56567041e-02, 9.31835081e-03, 6.74427394e-03,
       2.30670150e-04, 3.35761122e-02, 7.20539503e-03, 1.13160452e-02,
       2.25987658e-02, 2.90376209e-02, -2.56181601e-03, -8.39118659e-03,
       -1.51198478e-02, -2.71446537e-02, 2.35469807e-02, 5.54292742e-03,
       1.68464351e-02, 2.20862478e-02, -2.37408392e-02, 1.05727101e-02,
       1.86110735e-02, 2.45606322e-02, -3.30162160e-02, 2.56463103e-02,
       -2.63372883e-02, -2.04065093e-03, 3.99447195e-02, -1.49127794e-02,
       3.83825898e-02, 1.14608114e-03, -2.20291931e-02, -1.46256090e-04,
       -7.79933762e-03, 1.04626389e-02, 2.79729348e-02, 9.58438497e-03,
       7.01710349e-03, 2.11637579e-02, 2.25681588e-02, 1.03249820e-02,
       7.24421162e-03, -1.39715616e-03, -1.72354244e-02, -3.11284210e-03,
       1.81092825e-02, 3.83713050e-03, 1.99309662e-02, -5.36373351e-03,
       3.03774774e-02, -1.86820738e-02, -1.01536773e-02, -1.55075593e-02,
       5.41300327e-03, 4.37952727e-02, 1.35152070e-02, -6.09555573e-04,
       -9.91472416e-03, 2.81513147e-02, -7.26279512e-04, 3.23761739e-02,
       -1.77963276e-03, 1.43074272e-02, 1.01816384e-02, -1.14443824e-02,
       5.66678345e-02, 2.51982864e-02, 1.91726144e-02, -4.58928524e-03,
       5.72202308e-03, -3.92831489e-03, 2.42020395e-02, 3.22309621e-02,
       5.63365407e-02, 3.00136977e-03, 8.23544990e-03, 3.01313819e-04,
       -2.50215665e-03, 3.04511581e-02, 1.27676679e-02, 5.40041886e-02,
       9.75460187e-03, 1.42322751e-02, 1.48698920e-02, 7.82463048e-03,
       5.53344609e-03, -3.28555889e-02, 2.18799673e-02, -2.46962570e-02,
       2.31347717e-02, 2.57692374e-02, 2.03908794e-02, 1.39502166e-02,
       1.07667288e-02, 1.42075848e-02, -4.53569600e-03, 2.59148236e-02,
       6.25833496e-03, -4.28142678e-03, 1.76274090e-03, 2.05929969e-02,
       4.14758846e-02, -6.22362830e-03, 1.25508839e-02, -2.72672228e-03,
       2.29995847e-02, 1.86081789e-02, 2.68703718e-02, -1.09016383e-02,
       5.85115626e-02, 1.97325088e-02, -1.50273796e-02, 1.59850549e-02,
       1.30001903e-02, 2.32438277e-02, -8.46980046e-03, -9.79960524e-03,
       1.70597378e-02, -1.43154282e-02, 9.10087861e-03, 8.92622583e-03,
       1.11880135e-02, -1.78803578e-02, 8.87826830e-03, -5.41305961e-03,
       -3.52799287e-03, 1.73435621e-02, 1.90394688e-02, -6.31379429e-03,
       -1.38085308e-02, 6.43932493e-03, -2.57110782e-02, -7.33780116e-03,
       -3.76070268e-03, -6.14600675e-03, -8.29681521e-04,
       -3.25357392e-02, 3.29856835e-02, 5.39675681e-03, 3.95225435e-02,
       2.18141656e-02, 3.94454747e-02, -2.47694959e-04, 8.35785735e-03,
       2.66777128e-02, 8.31164885e-03, 2.27417517e-02, -4.30718772e-02,
       1.24194957e-02, 1.74319837e-02, 3.72611545e-02, 1.08871767e-02,
       -3.13310674e-03, -1.19260065e-02, 6.10703835e-04, 8.33361875e-03,
       -3.66946571e-02, -2.19803918e-02, -1.37160346e-02, 7.46155391e-03,
       1.52383163e-03, -1.24364570e-02, -1.57753434e-02, -2.86201271e-03,
       -1.18925767e-02, -9.80618037e-03, 1.65559445e-02, -7.37796491e-03,
       8.99547897e-03, -3.21592167e-02, -5.46090975e-02, -3.45841348e-02,
       -1.84278041e-02, 1.62582491e-02, -3.19302604e-02, 5.50421420e-03,
       3.20515707e-02, 1.40890665e-02, 2.74160542e-02, -2.71158270e-03,
       1.26730716e-02, 1.06610842e-02, -1.88356806e-02, -1.54319862e-02,
       9.43007763e-04, 1.95715614e-02, 4.26620021e-02, -2.26701181e-02,
       -9.41299181e-03, -1.62262283e-02, -2.23007444e-02,
       -1.32911066e-02, 4.06670533e-02, 2.42076349e-02, -4.97018211e-02,
       -8.57113209e-03, -3.87566499e-02, -5.67951575e-02,
       -1.97673272e-02, -1.37047321e-02, -4.01847996e-03, 5.24098007e-03,
       1.66842360e-02, -2.09418256e-02, 1.45537592e-02, -3.64483558e-02,
       -4.71920632e-02, -2.12387238e-02, -2.75143012e-02, 1.17489723e-02,
       3.77341695e-02, 1.48583399e-02, -9.69840121e-03, 1.02126002e-02,
       -4.39218692e-02, 8.89857486e-03, -1.17786014e-02, 1.07251648e-02,
       1.72155611e-02, 5.30127361e-02, 5.81874624e-02, -1.01404190e-02,
       -2.57314229e-03, -2.82079559e-02, 1.54887130e-02, 1.96091980e-02,
       7.92998541e-03, 2.14497633e-02, -1.40148010e-02, 2.49903044e-03,
       -2.97904145e-02, 2.89433189e-02, -2.89891679e-02, -5.28840683e-02,
       -1.92515031e-02, -8.72225733e-04, -6.80932263e-03,
       -2.32334272e-03, 1.31316939e-02, -2.82343272e-02, 2.39789747e-02,
       -3.33842412e-02, -2.77538933e-02, -3.62010486e-03,
       -1.07178595e-02, -1.12140803e-02, -1.20930141e-02,
       -4.39949846e-03, -2.95643583e-02, 2.39045802e-03, 4.73380715e-05,
       -1.78218614e-02, -2.14756094e-02, -3.76095879e-03,
       -2.35361396e-03, 2.99709453e-03, 2.16659587e-02, -2.44137198e-02,
       1.59242544e-02, -4.62779626e-02, -1.95029359e-02, -3.40833627e-02,
       2.52658501e-02, -4.35841791e-02, -9.19895153e-03, 2.54820529e-02,
       1.82996690e-03, 1.15114416e-03, -2.82844398e-02, 2.50466242e-02,
       2.11071018e-02, -3.55984637e-04, -3.18142474e-02, -8.39673262e-03,
       4.06754613e-02, 1.49281239e-02, -1.47704259e-02, -5.92505150e-02,
       1.84098389e-02, 8.31922702e-03, -5.78791229e-03, -4.47964333e-02,
       -3.22365277e-02, 3.82817932e-04, -2.02387590e-02, -2.48603076e-02,
       -3.84328850e-02, -2.51000337e-02, -1.69360898e-02, 1.29462511e-03,
       -1.98513791e-02, -8.16022046e-03, 1.11812120e-02, -3.63104907e-03,
       -2.52240282e-02, -4.60984446e-02, 1.27996607e-02, 2.50440314e-02,
       1.47056468e-02, 7.74750635e-02, 5.16798198e-02, 2.24777516e-02,
       -2.42773127e-02, -2.95126606e-02, -2.44099926e-02,
       -2.55270228e-02, 6.74276566e-03, 3.23848203e-02, 1.19230580e-02,
       2.69074552e-02, 7.74887623e-03, -8.82980693e-03, 2.33988166e-02,
       -3.10660340e-02, 9.10287537e-03, 2.76925992e-02, 5.25993714e-03,
       5.69202332e-03, 4.93467674e-02, 1.95086729e-02, -1.48705989e-02,
